0.0625 0.0625 0.0625 0.0625 0.0625 0.0625 0.0625 0.0625 0.0625 0.0625 0.0625 0.0625 0.0625 0.0625 0.0625 0.0625
0.1000 0.0600 0.0600 0.0600 0.0600 0.0600 0.0600 0.0600 0.0600 0.0600 0.0600 0.0600 0.0600 0.0600 0.0600 0.0700
0.2500 0.0500 0.0500 0.0500 0.0500 0.0500 0.0500 0.0500 0.0500 0.0500 0.0500 0.0500 0.0500 0.0500 0.0500 0.0500
0.0500 0.2500 0.0500 0.0500 0.0500 0.0500 0.0500 0.0500 0.0500 0.0500 0.0500 0.0500 0.0500 0.0500 0.0500 0.0500
0.0500 0.0500 0.2500 0.0500 0.0500 0.0500 0.0500 0.0500 0.0500 0.0500 0.0500 0.0500 0.0500 0.0500 0.0500 0.0500
0.0500 0.0500 0.0500 0.2500 0.0500 0.0500 0.0500 0.0500 0.0500 0.0500 0.0500 0.0500 0.0500 0.0500 0.0500 0.0500
0.0500 0.0500 0.0500 0.0500 0.2500 0.0500 0.0500 0.0500 0.0500 0.0500 0.0500 0.0500 0.0500 0.0500 0.0500 0.0500
0.0500 0.0500 0.0500 0.0500 0.0500 0.2500 0.0500 0.0500 0.0500 0.0500 0.0500 0.0500 0.0500 0.0500 0.0500 0.0500
0.0500 0.0500 0.0500 0.0500 0.0500 0.0500 0.2500 0.0500 0.0500 0.0500 0.0500 0.0500 0.0500 0.0500 0.0500 0.0500
0.0500 0.0500 0.0500 0.0500 0.0500 0.0500 0.0500 0.2500 0.0500 0.0500 0.0500 0.0500 0.0500 0.0500 0.0500 0.0500
0.0500 0.0500 0.0500 0.0500 0.0500 0.0500 0.0500 0.0500 0.2500 0.0500 0.0500 0.0500 0.0500 0.0500 0.0500 0.0500
0.0500 0.0500 0.0500 0.0500 0.0500 0.0500 0.0500 0.0500 0.0500 0.2500 0.0500 0.0500 0.0500 0.0500 0.0500 0.0500
0.0500 0.0500 0.0500 0.0500 0.0500 0.0500 0.0500 0.0500 0.0500 0.0500 0.2500 0.0500 0.0500 0.0500 0.0500 0.0500
0.0500 0.0500 0.0500 0.0500 0.0500 0.0500 0.0500 0.0500 0.0500 0.0500 0.0500 0.2500 0.0500 0.0500 0.0500 0.0500
0.0500 0.0500 0.0500 0.0500 0.0500 0.0500 0.0500 0.0500 0.0500 0.0500 0.0500 0.0500 0.2500 0.0500 0.0500 0.0500
0.0100 0.0100 0.0100 0.0100 0.0100 0.0100 0.0100 0.0100 0.0100 0.0100 0.0100 0.0100 0.0100 0.0100 0.0100 0.8500