0.0100 0.0200 0.0300 0.0400 0.0500 0.0600 0.0700 0.0800 0.0900 0.1000 0.1100 0.1200 0.1300 0.0500 0.0300 0.0100
0.2000 0.1500 0.1000 0.0800 0.0700 0.0500 0.0500 0.0500 0.0500 0.0400 0.0400 0.0300 0.0300 0.0200 0.0200 0.0200
0.0050 0.0050 0.4000 0.1000 0.0800 0.0700 0.0600 0.0500 0.0400 0.0300 0.0250 0.0250 0.0250 0.0250 0.0300 0.0300
0.0150 0.0150 0.0150 0.0150 0.5000 0.0500 0.0500 0.0500 0.0400 0.0400 0.0400 0.0300 0.0300 0.0200 0.0250 0.0300
0.0400 0.0400 0.0400 0.0400 0.0400 0.3000 0.0400 0.0400 0.0400 0.0400 0.0400 0.0400 0.0800 0.1000 0.0400 0.0400
0.0600 0.0600 0.0600 0.0600 0.0600 0.0600 0.1000 0.1000 0.1000 0.1000 0.0500 0.0500 0.0500 0.0400 0.0300 0.0200
0.0100 0.0100 0.0100 0.0100 0.0100 0.0100 0.0100 0.0100 0.0100 0.0100 0.0100 0.0100 0.0100 0.0100 0.0100 0.8500
0.8500 0.0100 0.0100 0.0100 0.0100 0.0100 0.0100 0.0100 0.0100 0.0100 0.0100 0.0100 0.0100 0.0100 0.0100 0.0100
0.0200 0.0300 0.0400 0.0500 0.0600 0.0700 0.0800 0.0900 0.1000 0.1100 0.1200 0.1300 0.0500 0.0300 0.0100 0.0100
0.0526 0.0526 0.0526 0.0526 0.0526 0.0526 0.0526 0.0526 0.0526 0.0526 0.0526 0.0526 0.0526 0.0526 0.0526 0.2110
0.1100 0.1000 0.0900 0.0800 0.0700 0.0600 0.0500 0.0400 0.0300 0.0200 0.0100 0.0500 0.0900 0.1000 0.0500 0.0500
0.0250 0.0250 0.0250 0.0250 0.0250 0.0250 0.0250 0.0250 0.5000 0.0500 0.0500 0.0500 0.0500 0.0500 0.0250 0.0250
0.0100 0.0200 0.0300 0.0100 0.0200 0.0300 0.0100 0.0200 0.0300 0.0100 0.0200 0.0300 0.0100 0.0200 0.0300 0.6800
0.0500 0.0500 0.0500 0.0500 0.0500 0.0500 0.0500 0.0500 0.0500 0.0500 0.0500 0.0500 0.0500 0.2000 0.1000 0.0500
0.0100 0.0100 0.0100 0.0100 0.0100 0.0100 0.0100 0.0100 0.0100 0.0100 0.0100 0.3000 0.3000 0.2000 0.0500 0.0100
0.1000 0.1000 0.1000 0.1000 0.0500 0.0500 0.0500 0.0500 0.0500 0.0500 0.0500 0.0500 0.0500 0.0500 0.0500 0.1000