0.44  0.35  0.00  0.00  0.00  0.00  0.00  0.00  0.00  0.00  0.00  0.00  0.00  0.00  0.00  0.21
0.56  0.22  0.22  0.00  0.00  0.00  0.00  0.00  0.00  0.00  0.00  0.00  0.00  0.00  0.00  0.00
0.00  0.10  0.52  0.38  0.00  0.00  0.00  0.00  0.00  0.00  0.00  0.00  0.00  0.00  0.00  0.00
0.00  0.00  0.40  0.07  0.53  0.00  0.00  0.00  0.00  0.00  0.00  0.00  0.00  0.00  0.00  0.00
0.00  0.00  0.00  0.60  0.21  0.19  0.00  0.00  0.00  0.00  0.00  0.00  0.00  0.00  0.00  0.00
0.00  0.00  0.00  0.00  0.22  0.31  0.47  0.00  0.00  0.00  0.00  0.00  0.00  0.00  0.00  0.00
0.00  0.00  0.00  0.00  0.00  0.33  0.24  0.43  0.00  0.00  0.00  0.00  0.00  0.00  0.00  0.00
0.00  0.00  0.00  0.00  0.00  0.00  0.23  0.36  0.42  0.00  0.00  0.00  0.00  0.00  0.00  0.00
0.00  0.00  0.00  0.00  0.00  0.00  0.00  0.32  0.50  0.18  0.00  0.00  0.00  0.00  0.00  0.00
0.00  0.00  0.00  0.00  0.00  0.00  0.00  0.00  0.42  0.47  0.11  0.00  0.00  0.00  0.00  0.00
0.00  0.00  0.00  0.00  0.00  0.00  0.00  0.00  0.00  0.60  0.24  0.16  0.00  0.00  0.00  0.00
0.00  0.00  0.00  0.00  0.00  0.00  0.00  0.00  0.00  0.00  0.35  0.35  0.30  0.00  0.00  0.00
0.00  0.00  0.00  0.00  0.00  0.00  0.00  0.00  0.00  0.00  0.00  0.29  0.15  0.55  0.00  0.00
0.00  0.00  0.00  0.00  0.00  0.00  0.00  0.00  0.00  0.00  0.00  0.00  0.39  0.17  0.43  0.00
0.00  0.00  0.00  0.00  0.00  0.00  0.00  0.00  0.00  0.00  0.00  0.00  0.00  0.10  0.66  0.24
0.35  0.00  0.00  0.00  0.00  0.00  0.00  0.00  0.00  0.00  0.00  0.00  0.00  0.00  0.42  0.23